3.06451 2
1.42529 2
2.15961 4
0.834356 4
5.65753 4
13.6999 4
15.4078 4
18.7195 4
22.6901 4
1.59387 4
3.86473 4
0.960309 4
2.48616 4
8.26247 4
11.4307 4
11.3498 4
13.0548 4
2.08355 4
207.222 4
2.55023 4
4.08889 4
3.74481 4
5.11017 4
6.7106 4
2.37298 4
4.1486 4
5.68459 4
8.17307 4
2.66517 4
4.04804 4
5.73749 4
8.4412 4
20.9224 4
30.598 4
1.95862 4
3.27003 4
5.91808 4
9.5529 4
40.38 4
41.8167 4
43.2974 4
44.6253 4
2.5371 4
3.97403 4
7.06235 4
16.5825 4
1.32056 4
3.72946 4
6.13881 4
7.53505 4
8.83022 4
10.3668 4
20.0458 4
39.1496 4
40.5392 4
54.8923 4
1.90732 4
3.88823 4
5.46671 4
6.71214 4
8.15977 4
2.81394 4
3.40586 4
4.87137 4
10.342 4
11.9899 4
1.10416 4
3.17107 4
5.16024 4
6.4983 4
7.95953 4
9.08851 4
2.80999 4
4.3363 4
15.4707 4
1.45018 4
4.06478 4
6.24871 4
1.35581 4
7.64681 4
1.43006 4
2.84001 4
3.97605 4
1.92974 4
3.27321 4
5.45138 4
6.71369 4
7.92805 4
2.09286 4
3.3523 4
4.79946 4
6.48762 4
7.47168 4
2.34707 4
3.66198 4
4.83296 4
5.93687 4
2.1892 4
3.85399 4
5.8133 4
6.98142 4
2.41688 4
4.76075 4
5.94494 4
7.71508 4
2.09616 4
3.97627 4
5.19862 4
6.54666 4
8.35617 4
9.91861 4
11.4159 4
1.8727 4
3.06469 4
4.24526 4
7.71308 4
9.40184 4
29.3529 4
38.0166 4
39.6105 4
1.83228 4
3.12264 4
4.42591 4
5.46641 4
6.64309 4
0.918805 4
2.83304 4
3.89728 4
5.05917 4
6.06114 4
7.2253 4
4.79816 4
8.54116 4
9.96313 4
11.4014 4
3.94177 4
1.10549 4
2.99402 4
5.44702 4
6.65521 4
8.33059 4
1.22504 4
2.31163 4
3.31108 4
4.81416 4
6.21442 4
7.59835 4
1.02758 4
2.40762 4
3.38328 4
4.32188 4
5.27261 4
1.0729 4
2.9497 4
4.95976 4
1.0483 4
1.39952 4
6.26606 4
13.4609 4
18.07 4
24.5302 4
1.21743 4
10.4694 4
22.6728 4
31.147 4
39.2584 4
6.01554 4
11.2771 4
15.7042 4
22.4534 4
28.4446 4
39.0327 4
24.16 4
1.72197 4
4.07653 4
5.75693 4
1.40475 4
9.38648 4
1.32291 4
6.7674 4
11.8735 4
16.2244 4
17.7449 4
1.01025 4
